k = 1;
k = 0.5;
k = 1.5;